[-962950.26745632861, -221756.34413889624, -221043.31108245213, -220332.05503757996, -219621.94815227549, -218912.42839201336, -218202.9923968926, -217493.18926972538, -216782.61510774322, -216070.90811097485, -215357.74411380483, -214642.83239405655, -213925.91161725594, -213206.74577358624, -212485.11996245477, -211760.83587565311, -211033.70682600164, -210303.55216534913, -209570.19093522464, -208833.43459656605, -208093.07869300569, -207348.89331600376, -206600.6122601612, -205847.92078299995, -205090.44191433323, -204327.72129398675, -203559.21055020636, -202784.24926085261, -202002.04556147094, -201211.65547464919, -200411.96103092562, -199601.64723192056, -198779.17787346689, -197942.77020671178, -197090.36838084078, -196219.61560283846, -195327.82499969652, -194411.9493262255, -193468.55000291052, -192493.76661069342, -191483.28909713251, -190432.33685071976, -189335.65193306899, -188187.51883259875, -186981.83120182451, -185712.23874619248, -184372.42686858651, -182956.61016849391, -181460.35951276796, -179881.92658436651, -178224.25881941058, -176497.85340862389, -174724.35697764129, -172940.18524816775, -171198.30152024608, -169565.0979317356, -168109.67536875108, -166886.75765208306, -165920.85306313646, -165201.38375529172, -164691.46250825786, -164343.32826687698, -164111.33972761556, -163958.54878170084, -163857.9434873212, -163791.0026006292, -163745.52724579137, -163713.68043899754, -163690.50295580635, -163672.88400221427, -163658.88100173298, -163647.2825101623, -163637.33199169749, -163628.5549909324, -163620.65164902457, -163613.43010230229, -163606.76530481814, -163600.57360416008, -163594.79705700491, -163589.39375849548, -163584.33188182508, -163579.58600558771, -163575.13485119113, -163570.95988901067, -163567.04447948092, -163563.37334337085, -163559.93223440272, -163556.70773607222, -163553.68713453971, -163550.8583379667, -163548.20982408139, -163545.73060478747, -163543.41020096585, -163541.23862327909, -163539.2063564347, -163537.30434536631, -163535.52398241637, -163533.85709496803, -163532.29593322051, -163530.83315793276, -163529.46182804092]
A->A B 0.182780563424
A->B A 0.765250523128
A->A A 3.51256714998e-12
A->a 0.00153711477036
A->B B 0.050431798674
B->A B 3.226486905e-12
B->B A 4.9397036986e-12
B->A A 1.49643948722e-29
B->a 0.867507347915
B->B B 0.132492652077
