[-807628.06562612532, -232595.27767728912, -232091.4899709248, -231590.82574933339, -231092.05120097956, -230594.03358098859, -230095.72485849939, -229596.14782389425, -229094.38418046638, -228589.56424054067, -228080.8579199425, -227567.46678228193, -227048.61692963232, -226523.55257175202, -225991.53013422899, -225451.81278848959, -224903.66530487864, -224346.34914496078, -223779.11772173506, -223201.21176733539, -222611.85475760343, -222010.24835239741, -221395.56782015853, -220766.95742589611, -220123.52577400781, -219464.34111217293, -218788.42662094269, -218094.75573674837, -217382.24758530661, -216649.76263931909, -215896.09876067936, -215119.98784471359, -214320.09335373435, -213495.00910985083, -212643.25981157555, -211763.30384124737, -210853.53903182643, -209912.31214574774, -208937.93285760802, -207928.69298353337, -206882.89150077305, -205798.86546797492, -204675.026188883, -203509.89875766815, -202302.16141422122, -201050.67895244024, -199754.52198905876, -198412.96175655618, -197025.42919708852, -195591.42892022245, -194110.40475862077, -192581.56583798293, -191003.70125355461, -189375.03750025673, -187693.22455222523, -185955.57231702635, -184159.69749459473, -182304.77774229232, -180393.62949519957, -178435.77663553986, -176451.43694344748, -174475.71259924051, -172561.06499927345, -170774.76168953592, -169188.07842839716, -167858.06137732571, -166809.86115219389, -166030.70509843185, -165479.15782219585, -165102.13798978497, -164849.32482169959, -164680.33945980718, -164565.94812572649, -164486.31353261642, -164428.51184453457, -164384.33559439561, -164348.6558720718, -164318.30098793091, -164291.32391987223, -164266.53651843115, -164243.21800883894, -164220.93428345109, -164199.42649997846, -164178.54262880576, -164158.1954695356, -164138.33692852675, -164118.94226884103, -164100.00047104829, -164081.50833798913, -164063.46689411064, -164045.8791921823, -164028.74898430859, -164012.07992468157, -163995.87510027725, -163980.13676445989, -163964.866196633, -163950.06364056116, -163935.7282920366, -163921.85831761867, -163908.45089298073, -163895.50225355249, -163883.00775274873, -163870.96192465612, -163859.35854907206, -163848.19071742028, -163837.4508984861, -163827.13100319367, -163817.22244783532, -163807.71621531178, -163798.60291403421, -163789.87283423264, -163781.516001479, -163773.52222728988, -163765.88115671676, -163758.5823128901, -163751.61513849557, -163744.96903421159, -163738.63339415268, -163732.59763839265, -163726.85124264867, -163721.38376524166, -163716.1848714317, -163711.24435527221]
A->A B 0.509477422623
A->B A 0.443367253416
A->A A 3.66954116617e-15
A->a 0.00378372480436
A->B B 0.0433715991563
B->A B 3.23809366968e-16
B->B A 7.2523087169e-15
B->A A 7.71812360285e-36
B->a 0.932355981888
B->B B 0.0676440181123
